0,1,2,3,4,5,6,7,8,9,10,11,12,13,14,15,16,17,18,19,20,21,22,23,24,25,26,27,28,29,30,31,32,33,34,35,36,37,38,39,40,41,42,43,44,45,46,47,48,49,50,51,52,53,54,55,56,57,58,59,60,61,62,63,64,65,66,67,68,69,70,71,72,73,74,75,76,77,78,79,80,81,82,83,84,85,86,87,88,89,90,91,92,93,94,95,96,97,98,99,100
1,0.0,2.508568005384724,4.1210774528675245,1.637768460612832,1.6599035405370055,1.7723787203106809,4.344170373278163,3.9557030145199206,2.15859851778565,3.309894284467213,4.226097387688522,2.9506643941575166,0.922632952724594,2.3510258977364704,4.650705498632577,4.071203528572243,1.5474696445884915,3.039916806767386,4.279517135143152,2.985728812262897,2.6041866333435273,1.7133050279759399,1.5528606743057494,2.1760268357610633,3.924869027629611,3.1020429751299528,2.8385816141805162,1.1260703437242439,4.035600301140918,3.533949833248244,3.397561758013732,3.7385990517340106,2.0930891080628826,1.384140363997339,1.5108122350761617,4.253442490512848,1.9651184861944668,1.997428304317887,4.81130064824026,4.174999916975256,2.9406438904883934,4.441143779631384,3.1437581252364613,2.367166607696493,3.5064044154084213,1.7420474351767123,2.742473370493586,3.024603785488925,2.7187835919123793,4.561348137325406,2.32654277286272,2.231104585969415,4.404855348583284,0.9921361890374417,4.42903068610087,3.970164811335656,2.8658895432731937,1.3536204641551235,4.381982052807747,3.3074557257522903,2.181662865113535,4.212806761568304,2.718716602915999,2.2625584690289795,2.8665828682228316,3.649333290635305,3.3194494212294203,4.233244943937546,1.433188689306095,0.11862657462518758,4.56656545754976,3.3066001070563362,4.591095906175824,2.5296837582679754,3.7284173308435005,4.445787199428524,2.5763304975201504,4.678817878504947,1.7629509443970695,1.3062126188548366,1.5924008158533618,2.4456619702198275,1.5339340506180839,3.8304221635224565,2.453927838679414,4.9102341282664055,3.685828577479893,4.110833460710749,3.233340845458276,4.943027650732728,4.189548381035495,2.7751250272212697,1.566199958757272,2.9681574660425216,3.628169688979289,1.4323850499097466,3.071748394417063,3.012760054148257,1.7774018230467241,2.701340395546412
2,2.508568005384724,0.0,3.6321444515880006,3.625330438925261,0.8529469241091219,4.012265507884253,1.9958243878439907,3.4464538435372574,2.170443671487174,2.147918514787644,2.373109893741039,2.487112432975933,1.665253731973682,2.694866285548717,2.847877084590062,2.2292745828436398,3.7665338354719697,1.5698499030743422,3.2925717724938126,0.8277266161166155,3.093357401903411,3.818259257196491,2.387519827715738,2.137838558550832,2.2669572653800385,1.4798017302588888,1.8081366254153,1.7496400522335864,3.795529473429044,3.695797326004822,2.371696656772013,1.3026647981017432,2.272588841157114,3.1256652481593172,3.8175680135192174,2.0098157534651917,3.79066230593044,0.6637512323348886,2.6304101828010067,3.0520851670684386,0.6670234028978574,3.343688412190082,2.51017653054376,0.1948610156198903,1.0010101114918868,3.115138072167212,0.23591780459598613,0.5593553999016461,1.3515861079688962,4.301454038240483,3.5079060189850875,2.136219070580025,1.9550095536821568,1.789196414495411,3.624067205023079,3.110183757657069,1.4401479331017286,1.4503535230300986,2.0913788832069153,0.8558556248658028,1.5342621270518197,3.202048082032611,2.662258881614634,1.3791425532382595,3.6517598632653323,2.4533285306973704,3.3273300213770716,1.7346557290096056,1.1868736702705138,2.6216097456557965,2.08225741701432,1.895906458259167,3.5900329565285465,0.7778345871957345,3.7600153507133167,2.000138506336294,2.9858466462758906,2.188078366566413,0.8680345275466361,2.5552567791530874,1.8288087473755206,0.5841570232862674,3.4197391427495076,2.9109972969201325,3.4563121005465844,2.9230498922405865,2.1613738717477857,2.1654194768557584,1.0793172406536518,2.5227201576618556,3.115400574153201,1.6940793381632542,2.390012662281574,0.47834154470833695,2.0509357395420964,3.526040193811331,0.8595493154323469,2.3272600965378123,1.492564262192604,1.192615838719159
3,4.1210774528675245,3.6321444515880006,0.0,3.584512557077586,3.5457755190992715,4.125532012127516,3.3938331614898063,0.1882335003671863,1.9871813176321664,1.5364225378746614,2.2806640433488017,1.2528437716608618,3.4853267231038334,1.8044501260934454,2.249673964459298,2.2587996204182166,3.990461027346822,5.198805861024658,0.7981543610521616,2.9989839591924223,1.7044013721693254,3.8154087920915765,2.5842323277781922,1.9798336327375574,1.958780568147941,5.111804607963774,5.384504000060655,4.421059981970887,0.3923916050477409,1.0117971667687955,1.298428958188401,3.510180816738016,2.0318838123662033,3.2318936447088458,4.1743839123338695,3.088526102758247,3.382106615833554,3.9741878780410858,3.1034273110524633,1.0319263065526234,4.237751628018333,0.9890303916619618,1.1471551021029396,3.7446813596863815,3.9832152823552756,2.792197147679557,3.6400427776388313,3.508102311841463,2.2815389376350668,0.6958832618945296,2.4815416604001506,1.9324897779490342,3.7865835804973065,3.2564141578382637,0.5371258683963829,0.6691745703459104,5.059267115227532,4.300547192369881,3.2418738304866084,4.151647789351098,4.929739427692137,0.8418700720294008,1.4024477743734631,4.834490119264872,1.9239955878659618,1.3481184518952363,0.925920083628058,4.0223009543890065,3.2819173008995977,4.2089537252683495,4.060487879341957,1.8535717785483758,0.8772354870962855,2.854355621993806,0.8057928979414959,3.7843738708760397,1.6682186308089335,4.170417842204735,3.9785626089650865,2.8900668944326946,2.6063224304964505,3.0506138523499,3.4124024148862655,0.8378251754144461,2.249542743731846,2.699278445806896,1.8149340069901307,2.447495196410433,2.9128155185667164,3.9046494156734357,0.9493509699432213,5.270672608196624,2.5709615776391233,3.861851273747632,1.916848858121794,3.719433189762514,4.42086394522574,1.3306496387599875,4.674614335105573,4.805433483435875
4,1.637768460612832,3.625330438925261,3.584512557077586,0.0,2.827896033856482,0.5515175809075473,5.0673828888495995,3.469470527925647,2.104527813538868,3.4290538435277265,4.568171302096719,2.7595239884353915,2.030727592554576,1.896778463726365,4.892493864875592,4.4323791292143975,0.4150119334246341,4.546928979400509,4.035392066322406,3.7866847016117013,1.882356413014863,0.24611400772919764,1.4296321902396552,2.1454470651081325,4.192121376698607,4.580182823832858,4.40940436573437,2.713411076677402,3.354414023488955,2.7049929790266733,3.4026147121289356,4.619034091498446,1.9640638573860079,0.5233521922887561,0.6091440336353244,4.887559794200866,0.36519492446435237,3.3155794492434247,5.329417468503165,4.04100896904239,4.204303249497145,4.238581807054812,2.9859294727011307,3.546861482947956,4.589827225065805,0.8241898824806959,3.829989156002424,4.021412235767153,3.1949165484445006,3.7949396679847176,1.1565330864971641,2.199756737873385,5.2492068424960365,1.846298301079224,4.037245835801849,3.7102268831837613,4.3677268316006925,2.8767220661662347,5.044220931115738,4.480986417879387,3.7497671426984724,3.9977561613880623,2.353882810451721,3.799753322906224,1.7954392985493548,3.6876150641384737,2.660797290755505,5.190705933411346,2.44372265356673,1.6164077923927969,5.46661109275264,3.5792018915491504,4.298660425778074,3.302503386180043,2.9378340272906542,5.2807559198130365,1.9329815314044287,5.589962235924214,3.114449579091343,1.132171807487787,1.9404195252095562,3.317767842537989,0.22307055394987763,3.643294963488432,1.3791340107234196,5.257272837079641,3.922102604719106,4.536723452628825,3.9697853371204914,5.70735897311079,4.020697922892506,4.333409511847051,1.4357786073579495,4.101819883619674,3.9120189140803863,0.23397642967628116,4.369928854241808,2.941875214581821,3.3429403857263496,4.167413634410093
5,1.6599035405370055,0.8529469241091219,3.5457755190992715,2.827896033856482,0.0,3.1842363289144484,2.7352520102626556,3.358127167655077,1.7445504455993346,2.249316218511442,2.8434005157557176,2.303415460870095,0.8213250235468516,2.2289475380201265,3.3083968437380866,2.6879345386335745,2.938345071519921,1.8903552469054885,3.3930138263794767,1.402584897786433,2.6212550595198394,3.0069901976812834,1.7267607108093914,1.725545937385662,2.630195232201381,1.8726113749665756,1.932492102582647,1.0691291440910766,3.6229053052660327,3.3745473328277478,2.428256789352894,2.0930672320889125,1.8018389139668352,2.34858980804844,2.9791252088054163,2.6866793709420866,3.0259843909345316,0.5389735120486584,3.282317203729322,3.1999362559643605,1.37681368271646,3.4943375962657535,2.4019843879914564,0.7328430959159804,1.8539197925876207,2.4077427170053927,1.084474577054509,1.3671538302030901,1.4563801216727381,4.158254338613185,2.8708770720885366,1.7466521150366128,2.758586173109547,0.9827632394600784,3.663665478604563,3.146401117683624,1.7173825603366182,0.8327395395912159,2.7972944154756876,1.6838165254650053,1.3957175992842736,3.3082504590363127,2.335617758769104,1.3261784381649995,3.130362573449821,2.5976379552162867,3.036609582228558,2.5736562310957103,0.4123967826269199,1.774415556235983,2.9101625397158473,2.1011629096338376,3.7098508084763444,1.027836359835579,3.4875019923138755,2.8010887324859177,2.5294833486104027,3.0209255046814265,0.44472468208819793,1.8201760976978334,1.2266251031844675,0.8766024882065854,2.6321563381003985,2.9606009845928045,2.8623060497159525,3.478489834137343,2.4486788529510637,2.6776077995030474,1.6682755956061914,3.3097076133818386,3.2448934650649006,1.8258857845185879,1.7326315129902672,1.3235567026320347,2.3583284395539756,2.7104039486312286,1.542749022931146,2.2218872493911954,1.132700726624601,1.474239761726596
6,1.7723787203106809,4.012265507884253,4.125532012127516,0.5515175809075473,3.1842363289144484,0.0,5.552087621782699,4.014315457162544,2.639238934741988,3.9680756979371345,5.0970310973606505,3.3091355229856783,2.365239006583597,2.4480249984522096,5.430853916450336,4.958679270454904,0.2459341722513485,4.793748897039885,4.586587241212938,4.2457986089650825,2.4272630045975405,0.31071017917897437,1.9443778376065282,2.679143331039016,4.725252155916827,4.843912014767135,4.609883793180835,2.896552214163541,3.8845028091437674,3.225252031752867,3.9480359857846605,5.072159846025986,2.5014682435560767,1.0321005040182105,0.2828677551155986,5.384546447530876,0.7759057737848085,3.63663487048354,5.844021959054493,4.592247281955409,4.555155974853297,4.7900092176307005,3.5355452084169796,3.9152581443311636,4.996860917314364,1.375498877502724,4.227521457711859,4.443419177587675,3.6956626682881337,4.310159912930199,1.6683785872126402,2.7346640923289125,5.714076458155656,2.2242553425383025,4.584421486916357,4.261537418070472,4.6169864835658085,3.1033840614905857,5.538157170388722,4.8624273849537465,3.9515535226509795,4.549213409431268,2.9052899158292957,4.024348241844231,2.296824374449881,4.232845295088353,3.2002080208421146,5.632303331793059,2.825951584577562,1.7152510853172511,5.9220197618957,4.107346420148225,4.848615716043381,3.7589955408986717,3.4597670680221726,5.74757861620577,2.4813911781986584,6.043849347409241,3.4201739632981822,1.6242519512142544,2.4213806490423226,3.755579790650078,0.7579242361886913,4.194697173221613,1.8977715848117336,5.78888034585407,4.456021651420361,5.0571728212770015,4.442594894228121,6.189090929152057,4.572176203491348,4.544179258439966,1.9518735492407595,4.49058799823179,4.441891743532522,0.5134036259538844,4.7104856257494525,3.4881092355811516,3.5455898262976,4.435478080808005
7,4.344170373278163,1.9958243878439907,3.3938331614898063,5.0673828888495995,2.7352520102626556,5.552087621782699,0.0,3.25630376468811,3.0683881872707977,2.0409677980806484,1.1615320327713714,2.8091142848241772,3.4270921863892636,3.505485762970674,1.4588740129698377,1.1437603397205633,5.318340104692695,3.0537879618281853,2.700702861519746,1.3589060606727232,3.823191208889795,5.2978139324367595,3.6460723265646093,3.0243116772399974,1.4352559758867098,2.896310962344188,3.45416867324621,3.736476792956476,3.7206495931524852,3.9764149244872815,2.238357978710772,0.7223086907245784,3.2144087634817557,4.544584761879642,5.41831296147703,0.308600937912871,5.11750447649563,2.6585595174345915,0.7560986533166993,2.418473610158709,2.060505985770313,2.6157346790581397,2.6676519657502067,2.1873842384715676,1.3279232188091248,4.356200554532078,1.781099372584563,1.4404598711955583,1.8856830881544424,4.068772145460403,4.531718832996616,2.9839861605809963,0.4186025342791118,3.439526539280713,3.093172989930592,2.7254667365492757,3.018335044464265,3.4425920547246176,0.19311844665064803,1.662415594104752,3.4210458217686273,2.6225480157138685,3.20762714595209,3.242759878889615,4.388855293630558,2.0757329292772684,3.617528376019163,0.7825241037065447,2.911804863416886,4.462452500527808,0.6792822490144971,1.7334524644537606,2.8751155297744475,1.8301093168924745,3.9188686566330917,0.4028102610985561,3.7064602690816546,0.7803153893451144,2.860976393565885,3.9367576373418762,3.1316150157971703,1.8985318266704216,4.844776213862391,2.5615683423558306,4.387597387722171,1.2480569458158504,1.603311153199664,0.9554046448876728,1.1229167877315442,0.6417477889101365,2.506117828951273,3.356842138231736,3.6415566801362145,1.7159968514729484,1.5211349454122185,5.039046213774663,2.1310889794998875,2.560223448244939,3.465007214781692,2.8508049228569567
8,3.9557030145199206,3.4464538435372574,0.1882335003671863,3.469470527925647,3.358127167655077,4.014315457162544,3.25630376468811,0.0,1.813195548642858,1.361857105562162,2.1613199876254656,1.0682206928803044,3.3065813510438264,1.656555325263064,2.164140971082975,2.129573458300682,3.871683174784435,5.012408513838007,0.7487845749277149,2.821052043494965,1.5872655963093922,3.703685287053721,2.4262930371379925,1.8042499905628813,1.8244409647558402,4.9262249233268,5.196615026891907,4.238089045411395,0.47088119534576967,0.9849094419912484,1.1238563325907558,3.3486775345851143,1.8635526291099178,3.100713598344877,4.0530599260917315,2.953091493154709,3.280924577384634,3.7859650590771228,2.997521617757087,0.9455553344043726,4.05477105549837,0.9563717697481742,0.9589428268270987,3.55780538994526,3.811113254782068,2.6674115833176573,3.4568140823155336,3.3295313988098467,2.09654957774509,0.868403889529231,2.3865940051238423,1.7556872949486053,3.6436311768917693,3.080545827825841,0.5816501707960247,0.550913370728269,4.87232868103254,4.115047304204515,3.10927583422969,3.9744009999281786,4.741615822013603,0.7733884494710623,1.240135458311321,4.646256745222264,1.8556253188313199,1.1937202960638078,0.8309620952880847,3.8690876679342283,3.096550613142021,4.045343380884332,3.9180567255109047,1.6829446101593277,0.895538873511474,2.668788024451871,0.8071735545882492,3.6430415172903956,1.541341651881067,4.02981179845511,3.790571108865575,2.7383160125282826,2.4294692583097866,2.864445474388392,3.2914650086404578,0.6949499297464249,2.156048913047956,2.615269357199572,1.665336821356743,2.317179816996182,2.741072976678273,3.7814907547575927,0.8695999295172144,5.082812705103187,2.413098632014203,3.6809038757097485,1.7635106951790085,3.5965195904530862,4.238523839297,1.1424171319933887,4.487354814084838,4.618363940843956
9,2.15859851778565,2.170443671487174,1.9871813176321664,2.104527813538868,1.7445504455993346,2.639238934741988,3.0683881872707977,1.813195548642858,0.0,1.3308173687778004,2.4650129902103504,0.794279506939982,1.5072325176973975,0.5254825243435863,2.7920419818823268,2.3317000267131642,2.4346337777479925,3.598223950688737,2.135422396117855,1.946476444064213,0.9229470280911646,2.3489916909114528,0.7253662417026085,0.04409213674542014,2.087606895640524,3.5544648913486414,3.675947354288961,2.4695010406732667,1.9662147041639464,1.6344686914163222,1.3355203800321944,2.7537262369707993,0.14706134155180858,1.6097052004597168,2.580323789769096,2.8518806750214654,2.084125168728253,2.257306374789623,3.2452132372512925,2.062335262861101,2.8374120579425037,2.309838744078049,0.9984344587808958,2.200332657141252,2.9266671032320013,1.3193060959957519,2.290006002951399,2.3387536217689284,1.1957108025480374,2.50758231284991,1.4738858112663857,0.09542875525456043,3.31617495965299,1.2701578711430164,2.2704384064722816,1.8191191837964713,3.433255001140357,2.390350787869708,3.0157925232853238,2.942487683489462,3.126890321293171,2.0746638264989703,0.6196375554057206,3.0693681593744087,1.4881000188539886,1.6155754096739938,1.3135513269901586,3.3485815612202288,1.394709068810943,2.2547660144134016,3.5628246142453173,1.4779447804208146,2.4412755965756703,1.5305962173843721,1.7639408918149668,3.339837149877133,0.8160565821951793,3.688621341903037,2.1877479930700447,1.070421923143599,0.6245862207974601,1.6473587825510025,1.885567013536017,1.6932099022013727,1.358206093376764,3.1527953201152545,1.8177003370606468,2.444416045426896,2.052944385267018,3.7080725159003745,2.06464069099748,3.568173993249734,0.714672209282836,2.569412855124993,1.8086159798959343,2.140711492306432,3.029703970781265,0.8948026669538321,2.812870400020334,3.181167639896225
10,3.309894284467213,2.147918514787644,1.5364225378746614,3.4290538435277265,2.249316218511442,3.9680756979371345,2.0409677980806484,1.361857105562162,1.3308173687778004,0.0,1.176758672526087,0.7935531890882395,2.4726780832359094,1.6099789620512754,1.4634471460694798,1.065422480187583,3.7653775454061558,3.7157932687898705,1.1584210102487567,1.464815723436725,1.8549724222760593,3.6745339049299153,2.0484428778403556,1.292511454396439,0.7824103559351558,3.6166943604489186,3.943164287935422,3.2605761930662336,1.7820738241082619,1.9410917912782433,0.23808166034337777,2.010831292904031,1.4666270590756862,2.9401583138890484,3.910468350946831,1.7632545216835167,3.3788162978712686,2.5846972173349148,2.0143906043851145,0.9506624528045334,2.7210631378620342,1.2454365051363605,0.628189074072803,2.2833389966978626,2.4496150453450767,2.625167668657373,2.1275673820346537,1.9746467723668644,0.818891853460899,2.2297758736396784,2.6436860741325825,1.2355619322017228,2.3873336237044565,2.3241118847532043,1.4762399589731643,0.9633412163099379,3.587945922423611,3.0710509545618634,1.9308970010171131,2.615938405597593,3.559686888686183,1.0701385290235317,1.2255919843558458,3.4401371462872747,2.391689667156612,0.35316412012095355,1.5775405910134188,2.559820467127552,2.1042398482625497,3.4198658733778062,2.6598341992050885,0.3300625668482084,1.4690957433024339,1.3807577105959739,1.9033713796685041,2.395574426535867,1.7442074861689998,2.7794234052629774,2.640826997369757,2.391198522823081,1.7352957697201923,1.5846049281018124,3.2122582591308055,0.7635765010342911,2.4637992387930234,1.842258882529057,0.5151241793277428,1.2157608309228902,1.3802052758336352,2.6383426405937125,0.9981982805812989,3.8285975383978066,2.038733434220244,2.335163537809415,0.5473675557968705,3.471432888053012,2.8997571838159284,0.547607758656779,3.367247390684217,3.33889580878361
11,4.226097387688522,2.373109893741039,2.2806640433488017,4.568171302096719,2.8434005157557176,5.0970310973606505,1.1615320327713714,2.1613199876254656,2.4650129902103504,1.176758672526087,0.0,1.960117625475334,3.321045356596287,2.7853281739102935,0.4752612890646484,0.15663943125725452,4.8839188919678955,3.783488979352501,1.5503623670017697,1.5462413874294116,3.026668270159556,4.811699301365806,3.1552306333327187,2.4234366246726955,0.39689872466744547,3.6469469551229654,4.116675274987275,3.9125239106727863,2.632000702587396,2.981609342222064,1.2960819498914147,1.5349316887154363,2.608059670464406,4.064939228891322,5.016893297003818,0.8548797795311053,4.5402895408353645,2.985597867020286,0.8616484628104086,1.2724306190521517,2.725772355564574,1.4551790322677203,1.7677929585150698,2.5589704771106483,2.1594348368193175,3.779909731209706,2.2365261554746194,1.9419518254434838,1.507593704459795,2.9364233262523776,3.8203983440295985,2.3702432388375168,1.5771984866372817,3.2408205717608656,1.9406114992031516,1.6141671217839402,3.7016439312132667,3.6614195771277043,0.9875571767133,2.4427169539854283,3.907345843277762,1.4766034427908015,2.3985130635840144,3.7506170398006726,3.5487112190928993,1.056322795164487,2.651903942830368,1.8930638777806181,2.8557885207152354,4.3425755245484305,1.8406868700237065,0.9896856365950133,1.7136604727584128,1.8159618651435314,2.8869647891720955,1.5642432036726839,2.9177089742069255,1.93806255318342,3.1251978051260316,3.4879481667291143,2.7496985582147078,1.9843662424446373,4.347924072090559,1.4742346311133077,3.639680383898754,0.6968480742822755,0.6618413347966183,0.24115925610104594,1.2979095180147193,1.6244154226578857,1.3601692017629707,4.0071351657249075,3.147074903755033,2.3183443483381665,0.6564005838456396,4.591416360519167,2.858838542208861,1.720560421637025,3.830802963607634,3.485119074476847
12,2.9506643941575166,2.487112432975933,1.2528437716608618,2.7595239884353915,2.303415460870095,3.3091355229856783,2.8091142848241772,1.0682206928803044,0.794279506939982,0.7935531890882395,1.960117625475334,0.0,2.2487595536078855,0.8720258814391143,2.1937715723428504,1.8562711325671692,3.126120238823971,4.027966747186361,1.3448945088182156,1.9948581167455066,1.06688229690346,3.0051714501028792,1.4901695192890185,0.7747327637156237,1.563238563072901,3.9560669850355503,4.178347080286023,3.170490259238509,1.3276218766190924,1.2515167548274995,0.6772367599502062,2.683394406605558,0.8834510648813385,2.306620274052949,3.287850902840931,2.542643120395819,2.663845495260155,2.7545337682371325,2.8062910358234174,1.295618774695039,3.1305358136356296,1.5263664333446056,0.22641381056515933,2.573517334005783,3.022047780424416,1.9371462143151335,2.5377934309217274,2.47745019130815,1.1928306733128762,1.85707740870731,1.8768243233651012,0.7196648474472699,3.1322887707052676,2.0337686513805218,1.4811708234524779,1.0257725761292633,3.8782226503639357,3.0478784543102613,2.7110210055856734,3.1241783317338356,3.6950735999881723,1.2880552527213434,0.44195384277851046,3.608808083748588,1.59829544498266,0.9552602470512735,0.8733058152227183,3.2609732018313453,2.029201879166911,3.0481296106557765,3.4001254038569333,1.0765185258439869,1.647779245849393,1.7272639509733032,1.280762095777662,3.1451693404337617,0.9596076086966071,3.5227915995521273,2.7414493866321195,1.829683766834434,1.382456008980226,1.9055476334399262,2.5526982163089458,0.9105439509004553,1.6852362138544041,2.602355743030204,1.3032634035595616,2.009297813062205,1.996565851101341,3.4200088374353355,1.2878842767093233,4.065760122469022,1.4780379272484303,2.790011609359119,1.3408178039651977,2.8347114006267176,3.3209432444338605,0.24962055751759704,3.42741116524647,3.6226692462767622
13,0.922632952724594,1.665253731973682,3.4853267231038334,2.030727592554576,0.8213250235468516,2.365239006583597,3.4270921863892636,3.3065813510438264,1.5072325176973975,2.4726780832359094,3.321045356596287,2.2487595536078855,0.0,1.865129494864307,3.7560127862677324,3.165207406849623,2.1195294731958594,2.550454442041834,3.519945046612132,2.068209171608075,2.2117677281588684,2.197880220103406,1.1615428277060909,1.50931867344961,3.035628326671347,2.56806422115602,2.478542837631521,0.9849132624246482,3.47225327875602,3.0832196009041413,2.5911382097328097,2.839132957717443,1.495567833529075,1.5780253853192392,2.157801686457492,3.331299125612466,2.2578230115400704,1.2850022674795276,3.8892769510467735,3.381931103723949,2.1902092134771705,3.6619666713081878,2.41165740768282,1.5541337466194547,2.663778745900639,1.7203925152977215,1.8906475538417449,2.145126808650078,1.8189742123292425,4.0130241139918725,2.249727742870822,1.5539734087512713,3.5036425855939854,0.27225620692122743,3.7188510558972023,3.2287044198671753,2.3709155106164057,0.9860565901869287,3.461055624203235,2.504779816735591,1.8423029701481886,3.4454855468006826,2.1228419230435613,1.8487328490666364,2.6316246658605484,2.821968547841538,2.79885782574609,3.355711521199931,0.516808751646552,1.0412380696959755,3.677386243260466,2.43022574038726,3.8381505530704523,1.607521659894854,3.241397064859968,3.543218338366236,2.1464049133637473,3.792873441963427,1.0867293710488897,1.128684283033439,0.8826642203866041,1.5304652207172036,1.8459945456540696,3.068770543226664,2.292464271829754,3.999335809499728,2.8074104405866147,3.197061761078131,2.3125623535942643,4.03265130314448,3.407381706487696,2.388002309587239,1.17183468673433,2.1407912826385607,2.7414171278344064,1.8993295935837815,2.3482539509939717,2.257017374873294,1.4608865063075882,2.155245148449296
14,2.3510258977364704,2.694866285548717,1.8044501260934454,1.896778463726365,2.2289475380201265,2.4480249984522096,3.505485762970674,1.656555325263064,0.5254825243435863,1.6099789620512754,2.7853281739102935,0.8720258814391143,1.865129494864307,0.0,3.053961444725323,2.666906400600841,2.2751083025887477,4.102510998131055,2.1478860013409875,2.4509477545196985,0.399702001235727,2.1413321566453427,0.7981670888052197,0.5609453163914361,2.3923080043429494,4.064574631650487,4.1599045396655,2.8493609260689223,1.6855662451315014,1.2200254214946036,1.5387953617814738,3.242381351597983,0.4305046765168675,1.469472152342735,2.4446686065040337,3.2687521367307406,1.7918744973146372,2.75391762149576,3.6072485389722635,2.144235629157803,3.361672873337136,2.3469594067680166,1.0969265652893474,2.720463724140971,3.444108961642057,1.0725885867196705,2.8153990593506575,2.8582944767371403,1.6724450444923882,2.2106522106816575,1.0396298930843764,0.5741098497143134,3.779240787870781,1.6018121910089667,2.191117023760226,1.8216220221299713,3.9347928708028324,2.8095026880338567,3.435760052961102,3.4666998889708145,3.5888529742756385,2.105738710835773,0.45797813060106857,3.544027195836932,0.9637659871857243,1.821726270312786,0.9690684774046108,3.8369671350575807,1.853882092260573,2.4301818748579485,4.033313027009017,1.8307891318719227,2.4244277473798315,2.0502670075666742,1.391612919984898,3.7998282134364114,0.3006185522960182,4.158848481697332,2.6665499497389877,1.086617516708188,1.0271514907417643,2.1719515934218614,1.6959478134843116,1.746886238502608,0.8821182508591565,3.449751998634481,2.123672187588989,2.8016942649586287,2.5376972479962565,4.138734433431985,2.1248598263839225,4.054315423228768,0.7848262538195948,3.094528608525201,2.139373274540608,1.987662397242636,3.5537723165842516,1.079968782955868,3.254099451176129,3.6847704762043
15,4.650705498632577,2.847877084590062,2.249673964459298,4.892493864875592,3.3083968437380866,5.430853916450336,1.4588740129698377,2.164140971082975,2.7920419818823268,1.4634471460694798,0.4752612890646484,2.1937715723428504,3.7560127862677324,3.053961444725323,0.0,0.6249642233369801,5.226138302602344,4.242211710750901,1.4616169383948618,2.0213359305445273,3.2504206076466473,5.137941437239164,3.5030579100127026,2.7527626572956354,0.7287757052984424,4.102545883077594,4.583151181796904,4.377205039686032,2.6281999682825417,3.070781366478836,1.5173024399982709,1.9502335150422347,2.9295033396983854,4.401694008329882,5.367969589271312,1.178172452099083,4.836891285291313,3.460422203217102,0.9048595372730552,1.2201537650055119,3.186007464611548,1.3103776585242513,1.9805058978987276,3.0340941501500787,2.5893116038834045,4.0870949207186085,2.708298528833887,2.4083124187789253,1.9370441045761169,2.851573379809203,4.070495670118467,2.696626271803336,1.873936536796715,3.6604622639942974,1.824478959824941,1.618466213709907,4.165036064654522,4.13013893964051,1.2675098613396394,2.8854333899975724,4.382138861253915,1.408426433597321,2.6350772069490285,4.224771132979911,3.7361004691647315,1.2397758809248105,2.7752462258527033,2.2329285514396116,3.3034177052558884,4.765976448733469,2.1159241514633917,1.3582169778999806,1.5386135899312021,2.2827541451635023,2.9433253520275597,1.8510409060281634,3.148511390083257,2.1959947758934955,3.597993964627994,3.8427578921845353,3.1372195203531783,2.455242846594967,4.675513132867733,1.5281064728233669,3.875318460277062,0.45117239375100293,0.985746894604501,0.691844223128807,1.7713035517598996,1.7807789732143817,1.3006539093175686,4.474331789200141,3.493907796319005,2.7810314609347015,1.0261726523920178,4.932326903510946,3.3129503349778906,1.973999466422575,4.305390237121302,3.9520372223849156
16,4.071203528572243,2.2292745828436398,2.2587996204182166,4.4323791292143975,2.6879345386335745,4.958679270454904,1.1437603397205633,2.129573458300682,2.3317000267131642,1.065422480187583,0.15663943125725452,1.8562711325671692,3.165207406849623,2.666906400600841,0.6249642233369801,0.0,4.743799706190179,3.6575561505060223,1.557840301485894,1.401610984387157,2.920257295764601,4.675275715092746,3.0153736288218655,2.2896427624416846,0.312498145151608,3.523579426621066,3.9837440991808166,3.757060065334616,2.5983816562531956,2.916187594262731,1.2048721081433993,1.4457481426055343,2.4758144268989315,3.9266570000074887,4.874759143551189,0.8354763121092365,4.4112795770337625,2.836222319772958,0.9501884832863463,1.2750253500513646,2.5995888263885396,1.4830302053186073,1.6723396929242007,2.4136026767333427,2.0568876292165466,3.6491146614227756,2.098633618796909,1.8111550344540013,1.3532439110365073,2.9274272603479132,3.7045893625671096,2.2373823754499584,1.5509463894692803,3.086784063977931,1.9506381802683186,1.5896476591201043,3.571804209151848,3.507066484320193,0.9839126031016603,2.3305571656210313,3.762997008694771,1.4789446898504521,2.2909533679732794,3.6079167865226442,3.45131651843584,0.9850349890190582,2.577550668246963,1.842419621574716,2.6992038775073386,4.187806603295606,1.8204301319705918,0.8537783345873114,1.7464034274985802,1.6608051932521743,2.8324015817834276,1.542719624549396,2.809628440985222,1.9240617942974323,2.973070122720647,3.34608739495036,2.6015765740146963,1.8308685422041129,4.211540998984756,1.4360524313996048,3.528235568152571,0.8455636377088915,0.5532601258607494,0.18911802310443104,1.1586809985156843,1.6541770172287174,1.3625854345271706,3.873535558573959,3.0074633411949736,2.190552125681468,0.5280914998643488,4.451773211880864,2.737482894503115,1.6126750159064285,3.6808577035670353,3.3520614790773324
17,1.5474696445884915,3.7665338354719697,3.990461027346822,0.4150119334246341,2.938345071519921,0.2459341722513485,5.318340104692695,3.871683174784435,2.4346337777479925,3.7653775454061558,4.8839188919678955,3.126120238823971,2.1195294731958594,2.2751083025887477,5.226138302602344,4.743799706190179,0.0,4.557362341196821,4.421409074536545,4.006853370124565,2.2863671823088616,0.25028103693093895,1.728688817907669,2.473486217357893,4.515912377333832,4.605350194588691,4.380583445728337,2.667662894395292,3.7663374582953453,3.1193512890219672,3.7542952328784964,4.831761411053076,2.2999744908469606,0.8257449499218567,0.19585315394707528,5.154796312782597,0.7305092625189593,3.392127352736958,5.621591196126359,4.41590394798317,4.30956462362311,4.621900456846896,3.352187258389692,3.6693254200509244,4.751746595538441,1.2093537950700597,3.9821014121867027,4.199475176210971,3.468689311293456,4.209637234585708,1.5713940517478122,2.5299695729766483,5.475541346184989,1.9788375201049933,4.435742224087634,4.0954395300714905,4.380147365047442,2.8680080378715176,5.307271209895603,4.616530669564444,3.7213170005695573,4.3807147945253515,2.733052671436562,3.7905304236804627,2.209867983739368,4.038449634692927,3.0686153637444953,5.39006861137075,2.5803559859633647,1.4972731838916649,5.681707435049732,3.894571665589346,4.6905452485627555,3.519923217427272,3.351882445101132,5.509424605833742,2.3315950858696364,5.803256171482326,3.176552585859505,1.4007212543964485,2.1901432362888866,3.5136446441111406,0.581766124302548,4.020573761970862,1.7940738801643006,5.577523888254108,4.247625925245008,4.838441000835548,4.206382958783938,5.954275204775283,4.399140209086732,4.3130710290842496,1.7368839708422084,4.24484477211109,4.230095237272453,0.29396575062957425,4.465301542567408,3.296495537624374,3.3146451170487494,4.196145972880499
18,3.039916806767386,1.5698499030743422,5.198805861024658,4.546928979400509,1.8903552469054885,4.793748897039885,3.0537879618281853,5.012408513838007,3.598223950688737,3.7157932687898705,3.783488979352501,4.027966747186361,2.550454442041834,4.102510998131055,4.242211710750901,3.6575561505060223,4.557362341196821,0.0,4.853028702809632,2.3172703428244064,4.499326447358291,4.683481454504354,3.6087371645129425,3.5733262472004546,3.7559991169127023,0.1674926574496977,0.4514721412058914,1.924213265173982,5.348890677454823,5.197351816873068,3.9411218897698546,2.359673879835024,3.672219562924208,4.123655578780193,4.543909593408947,3.1980868044741255,4.800679514241658,1.353395179510743,3.7981915032679834,4.6050145272740535,1.0579914580930954,4.893036873666758,4.06835974193568,1.456832759755659,1.7260374172205282,4.256859015480194,1.604919436044627,1.849788280085736,2.9206645157745155,5.862398943177998,4.749511728892476,3.584886748996654,2.810561079281958,2.7887913872558685,5.1910875966615215,4.678812382410556,0.17967724050155687,1.6908030654789004,3.212865562998283,1.3940078779918068,0.9043630275003455,4.762113711151738,4.152042873604065,0.7830968181146366,5.019120204652079,4.013358069016918,4.8398272458552505,2.428630919123988,2.295494782151143,3.1189000387347727,2.7831208157120706,3.4531098403187883,5.144670586260565,2.34652882206168,5.282783881728728,2.8586039096286795,4.402655839180231,2.8334788022587856,1.4860042343868647,3.6619836455654453,3.1162137691418095,2.148342788263341,4.378778266793637,4.479306167158711,4.750443231833313,4.212912584800677,3.6888583674534794,3.552074508645724,2.5162263385158115,3.357493401226769,4.671727240331693,0.4009037882055417,3.6154260401532343,1.4674294241776809,3.574399007925657,4.3851910696006655,0.9351672577761025,3.884210927097066,1.2778373868681134,0.4178189161388614
19,4.279517135143152,3.2925717724938126,0.7981543610521616,4.035392066322406,3.3930138263794767,4.586587241212938,2.700702861519746,0.7487845749277149,2.135422396117855,1.1584210102487567,1.5503623670017697,1.3448945088182156,3.519945046612132,2.1478860013409875,1.4616169383948618,1.557840301485894,4.421409074536545,4.853028702809632,0.0,2.556382165505876,2.1871436204657324,4.2772497829181795,2.8335333553049535,2.112277646053148,1.2865795827426432,4.746417742611044,5.09542847333657,4.374145450977078,1.1871542165580142,1.7256130055726837,0.9647583537703341,2.9233062171819464,2.2282674909528066,3.616453907993818,4.592472216663373,2.3921149366985284,3.8880500133815015,3.7429394993093053,2.3362717003228597,0.2842165703428233,3.834688390200864,0.21532597217836097,1.1380016282542051,3.435457563874437,3.46303292360357,3.213883709739576,3.2520067254493212,3.059408917677906,1.9773051009188702,1.3969080384829888,3.020218409265156,2.055070262810332,3.1086195629428737,3.3316359526291723,0.3929431598639624,0.32631985325201024,4.731454847698291,4.203722938194578,2.5345711625140304,3.676792401549025,4.717805556847907,0.0911789353295646,1.6912086833621973,4.598474776915395,2.545749214535208,0.8397538113499391,1.5141387219757636,3.38484065422124,3.210593896748727,4.380499703159412,3.3782202998236044,1.4000080339638503,0.319602052600089,2.5348838409962866,1.55586834870695,3.1005184519278512,2.115432585062689,3.480867213789687,3.794398970809985,3.170456775189095,2.691763266906238,2.7391584407027403,3.8406814383401153,0.4515260588256757,2.796773175297334,1.9083160499429104,1.221097775558835,1.745440237435687,2.412487104802181,3.166855081538206,0.19865014447971116,4.980913629597293,2.8212275594549587,3.435476359553533,1.336314791659386,4.135235610806916,4.00520702092423,1.2694049457322274,4.518380113660457,4.48518649656633
20,2.985728812262897,0.8277266161166155,2.9989839591924223,3.7866847016117013,1.402584897786433,4.2457986089650825,1.3589060606727232,2.821052043494965,1.946476444064213,1.464815723436725,1.5462413874294116,1.9948581167455066,2.068209171608075,2.4509477545196985,2.0213359305445273,1.401610984387157,4.006853370124565,2.3172703428244064,2.556382165505876,0.0,2.8244055577013434,4.007544158864484,2.4003052785161247,1.9049875004346746,1.4499102929563426,2.2002122486856086,2.607153201730039,2.4469840168592114,3.219183053754967,3.2461995540876463,1.7018211006184052,0.8342206927270048,2.0806542324706685,3.264432050164115,4.094603640606171,1.284891057209566,3.8778386215781384,1.4486966780580348,1.8815581779536263,2.2982823919789963,1.2800092059007206,2.5819990912142967,1.9527800636235242,1.01276167105145,1.0274819297949198,3.1360658207695122,0.7164392152549378,0.5099116549115198,0.8099593042920168,3.6892857405024513,3.4083354617296373,1.8807583475771106,1.468889625988245,2.088481411923241,2.9125385762992337,2.4156693164637195,2.2116354103493796,2.171464302899122,1.4015146986707008,1.1536714950943783,2.361462425781107,2.4652102862405103,2.282421438928814,2.2067140910254306,3.4047505014892394,1.7229152333584876,2.868033983404056,1.4194261465212037,1.5529807452047522,3.1040963880258516,1.6799293930122743,1.1657670142311505,2.837857887677811,0.4869543236908495,3.265203555784737,1.5035567178892797,2.7079335345189564,1.8034340514318283,1.6084733387868018,2.6571992279979697,1.851103995901219,0.5411660907860268,3.5669038249348786,2.21601135352061,3.3043937901444935,2.1180857888997635,1.3718724615860023,1.3432045102246106,0.2691813885670739,1.9706634082338126,2.3689793066877045,2.494762746413682,2.3981777877825676,0.8792359717516443,1.2571664937866904,3.7361136567689988,1.4488380689915372,1.7849081791073147,2.2942928094630055,1.9783910958169102
21,2.6041866333435273,3.093357401903411,1.7044013721693254,1.882356413014863,2.6212550595198394,2.4272630045975405,3.823191208889795,1.5872655963093922,0.9229470280911646,1.8549724222760593,3.026668270159556,1.06688229690346,2.2117677281588684,0.399702001235727,3.2504206076466473,2.920257295764601,2.2863671823088616,4.499326447358291,2.1871436204657324,2.8244055577013434,0.0,2.1165851285497506,1.080541294746607,0.9564956104961786,2.6298591749305573,4.462931215901955,4.54962218616907,3.1957589335617147,1.5053437677405073,0.9320378470256894,1.7406558009087199,3.600642139787169,0.8292481227884143,1.5380019863501564,2.469988974999236,3.573016224051341,1.704099310335109,3.149166476142345,3.8692851862185256,2.234795322245988,3.760294747524454,2.3974830190626566,1.2708037609454346,3.1201403421192446,3.8275948062557155,1.0904078607313559,3.2107893893328385,3.2446520762208158,2.0318142874321032,1.9957786543357439,0.8390009183117896,0.963917902189929,4.11556159814845,1.9425331273836939,2.158045492088739,1.8685159990821636,4.330840997272495,3.1744452453942693,3.741199283842378,3.858927388996104,3.9702271356179004,2.160576484753717,0.629435552607249,3.9306895697855087,0.5806730691110222,2.011291907171008,0.7878836027262546,4.193462226697968,2.2394797038174876,2.6716983335769315,4.374723781443425,2.1126682984795586,2.4317394272028854,2.4379190872500978,1.1386842705052385,4.133681644593985,0.117812537271535,4.49971284970683,3.056136320791891,1.300678478449586,1.4070793835457485,2.565500483266555,1.7080206300955192,1.8355402662065496,0.6277987201136522,3.6662541728746487,2.3681866351622243,3.0683429078799516,2.8957132867765085,4.448708924649112,2.20040219484918,4.4449516240368405,1.068072144623107,3.4888522985308654,2.399589471560819,2.015393859937347,3.952525548628693,1.3075912826296616,3.6272120730421173,4.081519463787883
